-0.00729
0.00882
0.01037
0.00206
-0.00669
-0.0141
0.01206
0.00896
-0.05406
0.03097
0.00264
0.03694
-0.00063
-0.00897
0.02907
-0.00157
0.04766
-0.01223
-0.00109
-0.05633
0.00756
-0.03196
0.05786
-0.00511
0.03079
0.02405
-0.00498
0.01625
-0.03752
0.04703
0.01305
-0.00999
-0.04916
-0.00917
-0.02322
0.021
-0.03636
0.02613
0.01203
0.01312
0.01483
-0.05162
-0.01906
-0.017
0.01534
-0.0346
-0.08992
-0.00979
-0.02366
-0.01125
0.01058
-0.01102
0.02328
-0.03341
-0.01673
-0.01087
-0.01149
0.00011
-0.02843
-0.00648
-0.03265
-0.01897
-0.00131
-0.00214
-0.0174
0.0095
0.01351
-0.01243
-0.01962
0.01055
-0.02451
0.01924
0.00696
-0.02626
0.02858
0.03722
0.01087
-0.05802
-0.04455
0.02731
0.02223
-0.0302
-0.10851
0.0004
-0.10207
-0.036
-0.02858
0.0419
0.03257
-0.00516
-0.04944
0.01876
0.10343
0.04598
0.03241
0.02568
0.00844
0.00858
0.00799
0.00666
0.02043
-0.02289
0.05748
-0.01806
-0.04074
-0.02347
0.03123
0.08045
0.02444
0.01305
0.03052
-0.00876
0.03326
0.00709
-0.01259
0.01929
0.00624
-0.00036
-0.00629
0.00385
-0.00721
0.0141
0.00279
0.00657
-0.00326
0.00171
0.01269
-0.0388
-0.01327
0.00842
0.00445
0.01228
-0.01694
-0.00369
0.00309
0.02158
-0.01155
-0.01126
-0.03475
-0.06109
0.04722
0.04131
0.01507
0.0038
0.02309
0.01973
0.00183
-0.00155
-0.02084
0.03198
0.01787
0.01694
0.00052
-0.0006
0.01104
-0.01547
-0.03103
0.03079
0.0021
0.05351
-0.02422
-0.0274
0.00902
-0.00538
-0.02572
0.05208
0.00777
-0.00723
-0.00298
0.02118
-0.03259
-0.00897
-0.01845
-0.00304
0.00971
-0.04213
-0.02093
-0.01643
0.00502
-0.00692
-0.02118
0.0063
0.01647
-0.00265
-0.00365
0.01452
-0.01481
0.00895
0.04237
-0.04024
-0.08093
-0.04631
-0.0139
0.01077
-0.01885
0.04747
-0.00004
0.02559
-0.09932
0.07341
0.04579
-0.00937
0.01716
-0.01125
0.05443
0.01676
-0.00805
-0.00788
0.07718
0.02694
-0.00932
0.00615
0.01724
-0.00118
-0.02707
-0.02732
-0.0003
-0.0064
0.02366
-0.05046
-0.03105
-0.02151
-0.0022
-0.01056
-0.05631
-0.03287
0.00392
0.03072
0.00596
-0.06641
-0.08005
-0.04217
-0.03233
-0.00949
0.01081
-0.01759
-0.03913
-0.04888
0.0022
0.01995
0.01448
-0.04744
0.05801
-0.02742
-0.11259
-0.03659
-0.01894
-0.02494
-0.02752
-0.04414
0.00269
0.0094
-0.04583
-0.06677
-0.05513
-0.00224
-0.04036
-0.03979
-0.00856
-0.00664
0.00534
0.00136
-0.00148
-0.00055
-0.01245
-0.00039
-0.00371
-0.00216
0.00157
0.00329
0.00479
-0.00665
0.00439
0.0071
-0.02104
-0.01157
-0.02503
0.01246
0.00749
0.01856
0.00308
-0.01502
-0.00134
0.00655
0.01216
0.01053
-0.00108
-0.007
-0.00074
0.00155
-0.02093
-0.01334
-0.01172
-0.00452
0.00775
-0.01017
-0.00705
0.00362
0.00909
-0.01366
-0.00855
0.01766
0.00909
0.01427
0.00929
-0.00278
-0.00391
0.00804
-0.01419
-0.01129
0.00264
-0.00117
-0.01059
-0.00953
-0.01505
0.03049
0.00406
-0.06877
-0.01439
0.00135
0.00413
-0.00042
0.00841
-0.02126
0.02349
0.01762
0.00678
-0.01156
-0.02017
-0.01644
0.03636
-0.0023
-0.04063
0.02994
0.0395
0.04109
-0.04802
0.06794
0.04384
-0.0289
0.05049
0.00309
-0.14944
0.21883
0.03846
-0.03156
-0.02398
-0.20478
-0.01679
-0.02293
0.04433
-0.00102
-0.09632
-0.06694
-0.06095
-0.01062
-0.02515
-0.04746
-0.00317
-0.01061
-0.01002
0.01755
0.00737
-0.00553
-0.03536
0.0123
0.05219
-0.03531
-0.0406
0.1056
-0.19512
-0.17718
-0.11396
0.00841
-0.06609
-0.0084
-0.00315
-0.00507
0.00361
-0.00218
0.00157
0.00686
0.00369
0.00327
0.01117
0.00127
-0.00361
-0.01713
-0.00166
-0.01788
0.04156
0.01516
0.00781
0.00571
0.00458
0.00368
0.00156
0.00236
0.00986
-0.01318
0.00373
0.01977
0.00695
0.01967
0.22041
-0.00395
0.00321
0.00151
0.00243
0.00002
0.003
0.00315
0.00087
0.00234
-0.00038
0.00235
-0.00155
-0.0022
0.00446
0.01077
0.01457
0.00704
0.00515
-0.00023
0.02457
-0.01276
-0.05426
0.01395
0.01616
0.01443
0.00867
0.01087
-0.00478
0.02654
0.03737
0.01405
0.0112
0.00163
0.02047
0.01076
0.00503
-0.00135
-0.00559
-0.00043
0.02097
0.00807
0.0101
0.00539
-0.00029
0.02014
0.01384
0.00953
0.00457
-0.03068
0.04597
0.00403
0.004
0.00434
0.00434
0.0086
0.00428
0.00426
0.00423
0.00438
0.01003
0.00497
0.00495
0.00308
0.00307
0.00612
0.00282
0.00298
0.00296
0.00317
0.01017
0.00505
0.00502
0.00499
0.00498
0.01015
0.00504
0.00502
0.00504
0.01003
0.005
0.00496
0.00494
0.00505
0.01003
0.00498
0.00495
0.00493
0.00491
0.00988
0.00496
0.00507
0.00505
0.00501
0.00996
0.00494
